INDEX 01· OOBRESPONDENPS

8611666 ,,363 611, 923, 0619863
8111111111 (1) 6603 ΙΙ ,.p 362.

1111616, 116 1063 p. 430.
11661666, 111', p. 414.

1611116616, G, ΙΙΙ, p. 23.
John, 38.

John, 164, 668.

Jonas, 876, 6863 ΙΙΙ, p. 413.
Julius 11, 187ι (11191111).

1161316616,4 R. 66, 176, 3233 9388666

Κ111161,33ἱ, 6613 11, p 144.
Κ61161ε61,1,9 338.
1666111614 11166116, ,.p 423.
Kratzer,11’,.p 431.

Κιιιιο, ΙΙ, p. 41.

1116111161 686 766 ΙΙ, 9231.

1669,,1 878, 6863 11ΡΙ p. 408.
M.‚ ΙΙ, ,362,

166966,.,9 197.

1611161, p. 548.

16666116, ’0611669 367.

J, 866, ,32 3.

1111116161, ,,,417 326, 6403 p. 438.

16166166, ΙΙΙ, p. 519

1611116116, .1,, p. 432.

M, 661, 666, 717, 740, 766, 786
8116, 8403 9. 432.

hee, 7663 111,9 ,263

11668 ,834, 868; 11Ι ,p. 352.

Leo x, 162, 866, 338, 339, 684, 446,
466, 317, 318, 319 666 864.

1666166666, ΙΙ, p. 489

Leopold of 81161116, ΙΙ, p. 578.

116 76666111, .1,, p. 303.

Liber, Ant, p. 106. ·

Lily, ΙΙ, p. 119.

1166616, 164, 4163 p. 274.

11191161, ,,493 366, 364, 660, 667, 868

407·

11661619 4.63

1669166169166116, 881, ΙΙΙ, p. 418

1669611116, 914, 6663 ΙΙΙ, p. 472.
161116, 167, 700

16111616, John 61, 746.

1666666116, 88.

Lucas, 9143 ΙΙΙ, p. 473.

1119661, 431, 664, 660· 9,.327

1111116193 33080 ΙΙΙ, p517.
1161661119, Ant. 61, 167, 147,148,
160, 161, 676, 7683 9317.

13961116, 760, 807, 843, 867, 868,
880, 966, 601, 962, 618, 681,
922, 684, 066, 6603 ΙΙΙ, p. 185.

1166166666 ΙΙΙ, 9. 422.

11616166, Nic. 61, 8043 ΙΙΙ, p. 432.

16611611,

116661111611611111, 9. 391.

1161666116, 648, ΙΙΙ, 9 316.

1161116666, ΙΙ ,9 241.

11616116Ρ, p. 356.

Martem, Τ11.,.9 314,

1161116, 76

1161666119 192.

1161216,(1,ΙΙ, p. 557.

1166111116, 68, 763 9. 166.

11616161,116,166, 8083 p. 389

1166611111, ΙΙΙ,.49 4.69

1166161,1ι.66,111,.9234.

116 11611,.Ρ ,9 471

1161611οῆ11166, 434, 916, 647311,

1111616111619, P. 61, 11 ,9 38.

1161666166166, 3717636·Π,9162.

11616, 114, 888871, 388 418, 424,
461, 463, 467, 468, 474, 481, 499,
362, 313, 646, 646, 684, 667, 661,
623, 664, 666, 683, 684, 688, 706,
786, 776, 786, 880, 843, 848,

11661169608321) 3115 Π p. 475.

11616611,,.19 07

8666116666,3,6ο 911, 0483 11,p. 317.

1161111661 66, ΙΙ ,.p 449.

Mountjoy, 1616, 76, 88, 106116.
117, ι26,186,’811’ 213, 226, 601,
486, 368, 788, 688, 6663 9 267

1111161611, ΙΙΙ, p. 368.

1166111116, 3743 9.,462

1161166116, 870, ΙΙ p. 416.

Myconius, 8613 11'1‚ p. 382.

116661961111,

11666611, 8661117 61,9 350.
1161111611), 394.
1166616116119 222.
1166666661611, .3.86
1169661119 ,2.

1166611, 329, 468 ,,469 473, 660, 768,
816, 631· 11, p. 65.

1166666111, 1161111. 61, 442, 666, 706,
788, 8183 ΙΙ ,.p 282. >

Neve, J. 66, 868311, p. 1.
Nicasius, 86.

1161111611, 0111, 64, 66, 66, 61, 70,
783 p. 168.

Η, 61; p.1.68

Obrecht, Ja. ,p. 36.

16, 801

0666, II,p. 76.

0666111619 661116, 563, 606, 7673

1 1611)

 

